0 0.02734375 0.0166015625 0.0546875 0.033203125
0 0.9404296875 0.3759765625 0.119140625 0.119140625
0 0.79296875 0.4033203125 0.10546875 0.111328125
0 0.66015625 0.4921875 0.08203125 0.12890625
0 0.59375 0.615234375 0.11328125 0.09765625
0 0.41015625 0.5869140625 0.1328125 0.091796875
0 0.3447265625 0.732421875 0.138671875 0.109375
0 0.1416015625 0.6865234375 0.115234375 0.103515625
0 0.060546875 0.8408203125 0.12109375 0.103515625
0 0.0595703125 0.833984375 0.119140625 0.11328125
0 0.134765625 0.697265625 0.11328125 0.1328125
0 0.3291015625 0.7255859375 0.115234375 0.115234375
0 0.4013671875 0.5849609375 0.115234375 0.123046875
0 0.5947265625 0.619140625 0.119140625 0.11328125
0 0.666015625 0.484375 0.109375 0.1328125
0 0.79296875 0.400390625 0.11328125 0.13671875
0 0.931640625 0.3798828125 0.11328125 0.138671875
0 0.021484375 0.02734375 0.04296875 0.0546875
