0 0.9169921875 0.0439453125 0.091796875 0.087890625
0 0.802734375 0.0400390625 0.09765625 0.080078125
0 0.5478515625 0.107421875 0.115234375 0.09765625
0 0.541015625 0.205078125 0.15625 0.08984375
0 0.6181640625 0.2841796875 0.119140625 0.087890625
0 0.359375 0.3134765625 0.109375 0.154296875
0 0.95703125 0.3369140625 0.0859375 0.091796875
0 0.9326171875 0.4853515625 0.123046875 0.095703125
0 0.8095703125 0.806640625 0.107421875 0.0859375
0 0.75390625 0.904296875 0.140625 0.09375
0 0.685546875 0.9697265625 0.11328125 0.060546875
