0 0.0556640625 0.4853515625 0.103515625 0.115234375
0 0.0234375 0.599609375 0.046875 0.109375
0 0.18359375 0.548828125 0.08984375 0.09765625
0 0.2607421875 0.55859375 0.083984375 0.06640625
0 0.1455078125 0.640625 0.080078125 0.09375
0 0.287109375 0.615234375 0.1015625 0.09765625
0 0.2451171875 0.697265625 0.072265625 0.07421875
0 0.572265625 0.7978515625 0.09375 0.095703125
0 0.53125 0.8935546875 0.06640625 0.083984375
0 0.654296875 0.8369140625 0.09375 0.099609375
0 0.7421875 0.89453125 0.09765625 0.109375
