0 0.6494140625 0.93359375 0.056640625 0.0625
0 0.71875 0.8720703125 0.06640625 0.072265625
0 0.6484375 0.8486328125 0.06640625 0.072265625
0 0.5625 0.8046875 0.08984375 0.109375
0 0.498046875 0.90625 0.08984375 0.11328125
0 0.2548828125 0.552734375 0.056640625 0.0625
0 0.197265625 0.6064453125 0.06640625 0.076171875
0 0.271484375 0.6083984375 0.0703125 0.080078125
0 0.2265625 0.69921875 0.05859375 0.06640625
0 0.1533203125 0.6904296875 0.072265625 0.095703125
0 0.0322265625 0.51953125 0.064453125 0.1484375
