0 0.6748046875 0.9697265625 0.138671875 0.060546875
0 0.3349609375 0.9091796875 0.130859375 0.091796875
0 0.767578125 0.8916015625 0.16015625 0.099609375
0 0.7978515625 0.7841796875 0.162109375 0.087890625
0 0.7978515625 0.669921875 0.134765625 0.125
0 0.87109375 0.57421875 0.11328125 0.11328125
0 0.9306640625 0.462890625 0.138671875 0.09375
0 0.9501953125 0.322265625 0.099609375 0.08203125
0 0.9853515625 0.0361328125 0.029296875 0.072265625
0 0.91015625 0.0302734375 0.0859375 0.060546875
0 0.814453125 0.0244140625 0.08203125 0.048828125
0 0.599609375 0.01953125 0.08984375 0.0390625
0 0.5537109375 0.080078125 0.130859375 0.0859375
0 0.5244140625 0.181640625 0.111328125 0.078125
0 0.6064453125 0.27734375 0.103515625 0.09375
0 0.7509765625 0.298828125 0.115234375 0.078125
