0 0.3544921875 0.26953125 0.193359375 0.17578125
0 0.18359375 0.5146484375 0.1953125 0.177734375
0 0.134765625 0.8203125 0.26953125 0.31640625
0 0.9013671875 0.298828125 0.169921875 0.23828125
0 0.904296875 0.671875 0.19140625 0.31640625
0 0.7822265625 0.9287109375 0.353515625 0.142578125
0 0.1318359375 0.8203125 0.263671875 0.30859375
0 0.1865234375 0.5146484375 0.193359375 0.169921875
0 0.3564453125 0.2685546875 0.193359375 0.169921875
0 0.8994140625 0.2998046875 0.177734375 0.232421875
0 0.90234375 0.6865234375 0.1953125 0.279296875
0 0.7880859375 0.943359375 0.341796875 0.11328125
