0 0.833984375 0.0869140625 0.20703125 0.173828125
0 0.251953125 0.154296875 0.25390625 0.1796875
0 0.126953125 0.4228515625 0.1953125 0.193359375
0 0.693359375 0.35546875 0.1796875 0.1640625
0 0.5693359375 0.630859375 0.224609375 0.1796875
0 0.0615234375 0.6796875 0.123046875 0.22265625
0 0.0625 0.6826171875 0.125 0.216796875
0 0.12109375 0.4267578125 0.19921875 0.173828125
0 0.248046875 0.1484375 0.23828125 0.1796875
0 0.8349609375 0.0849609375 0.193359375 0.169921875
0 0.6962890625 0.3583984375 0.173828125 0.150390625
0 0.568359375 0.6376953125 0.21484375 0.173828125
